# Halogen flat field lamp fluxes
# Lamp flux entering a 1"0 x 22"8 arcsec slit
# Does not include transmission of mosaic filter
# Assumes 100% reflectivity of retro-reflector in etalon beam
# Loss in ADC is not considered
# Column 1 : Wavelength [nm]
# Column 2 : Flux from lamp on integrating sphere [photons/sec/nm]
# Column 3 : Flux from lamp on etalon [photons/sec/nm]
300.0 3.95e+06 2.59e+04
302.2 4.29e+06 2.82e+04
304.4 4.66e+06 3.06e+04
306.6 5.05e+06 3.32e+04
308.8 5.47e+06 3.59e+04
311.0 5.91e+06 3.88e+04
313.2 6.39e+06 4.19e+04
315.4 6.89e+06 4.52e+04
317.6 7.42e+06 4.87e+04
319.8 7.98e+06 5.24e+04
322.0 8.57e+06 5.63e+04
324.2 9.2e+06 6.04e+04
326.4 9.86e+06 6.47e+04
328.6 1.06e+07 6.93e+04
330.8 1.13e+07 7.42e+04
333.0 1.21e+07 7.92e+04
335.2 1.29e+07 8.46e+04
337.4 1.37e+07 9.02e+04
339.6 1.46e+07 9.61e+04
341.8 1.56e+07 1.02e+05
344.0 1.66e+07 1.09e+05
346.2 1.76e+07 1.15e+05
348.4 1.87e+07 1.22e+05
350.7 1.98e+07 1.3e+05
352.9 2.09e+07 1.38e+05
355.1 2.22e+07 1.46e+05
357.3 2.34e+07 1.54e+05
359.5 2.48e+07 1.63e+05
361.7 2.62e+07 1.72e+05
363.9 2.76e+07 1.81e+05
366.1 2.91e+07 1.91e+05
368.3 3.06e+07 2.01e+05
370.5 3.22e+07 2.12e+05
372.7 3.39e+07 2.23e+05
374.9 3.56e+07 2.34e+05
377.1 3.74e+07 2.46e+05
379.3 3.92e+07 2.58e+05
381.5 4.11e+07 2.7e+05
383.7 4.31e+07 2.83e+05
385.9 4.52e+07 2.96e+05
388.1 4.73e+07 3.1e+05
390.3 4.94e+07 3.25e+05
392.5 5.17e+07 3.39e+05
394.7 5.4e+07 3.54e+05
396.9 5.63e+07 3.7e+05
399.1 5.88e+07 3.86e+05
401.3 6.13e+07 4.02e+05
403.5 6.39e+07 4.19e+05
405.7 6.65e+07 4.37e+05
407.9 6.92e+07 4.55e+05
410.1 7.2e+07 4.73e+05
412.3 7.49e+07 4.92e+05
414.5 7.78e+07 5.11e+05
416.7 8.08e+07 5.31e+05
418.9 8.39e+07 5.51e+05
421.1 8.71e+07 5.72e+05
423.3 9.03e+07 5.93e+05
425.5 9.36e+07 6.15e+05
427.7 9.7e+07 6.37e+05
429.9 1e+08 6.6e+05
432.1 1.04e+08 6.83e+05
434.3 1.08e+08 7.07e+05
436.5 1.11e+08 7.31e+05
438.7 1.15e+08 7.56e+05
440.9 1.19e+08 7.81e+05
443.1 1.23e+08 8.06e+05
445.3 1.27e+08 8.33e+05
447.5 1.31e+08 8.59e+05
449.7 1.35e+08 8.87e+05
452.0 1.39e+08 9.14e+05
454.2 1.44e+08 9.42e+05
456.4 1.48e+08 9.71e+05
458.6 1.52e+08 1e+06
460.8 1.57e+08 1.03e+06
463.0 1.61e+08 1.06e+06
465.2 1.66e+08 1.09e+06
467.4 1.71e+08 1.12e+06
469.6 1.76e+08 1.15e+06
471.8 1.81e+08 1.19e+06
474.0 1.86e+08 1.22e+06
476.2 1.91e+08 1.25e+06
478.4 1.96e+08 1.28e+06
480.6 2.01e+08 1.32e+06
482.8 2.06e+08 1.35e+06
485.0 2.11e+08 1.39e+06
487.2 2.17e+08 1.42e+06
489.4 2.22e+08 1.46e+06
491.6 2.28e+08 1.49e+06
493.8 2.33e+08 1.53e+06
496.0 2.39e+08 1.57e+06
498.2 2.45e+08 1.61e+06
500.4 2.5e+08 1.64e+06
502.6 2.56e+08 1.68e+06
504.8 2.62e+08 1.72e+06
507.0 2.68e+08 1.76e+06
509.2 2.74e+08 1.8e+06
511.4 2.8e+08 1.84e+06
513.6 2.86e+08 1.88e+06
515.8 2.93e+08 1.92e+06
518.0 2.99e+08 1.96e+06
520.2 3.05e+08 2e+06
522.4 3.12e+08 2.05e+06
524.6 3.18e+08 2.09e+06
526.8 3.25e+08 2.13e+06
529.0 3.31e+08 2.17e+06
531.2 3.38e+08 2.22e+06
533.4 3.44e+08 2.26e+06
535.6 3.51e+08 2.31e+06
537.8 3.58e+08 2.35e+06
540.0 3.65e+08 2.39e+06
542.2 3.72e+08 2.44e+06
544.4 3.78e+08 2.49e+06
546.6 3.85e+08 2.53e+06
548.8 3.92e+08 2.58e+06
551.1 3.99e+08 2.62e+06
553.3 4.07e+08 2.67e+06
555.5 4.14e+08 2.72e+06
557.7 4.21e+08 2.76e+06
559.9 4.28e+08 2.81e+06
562.1 4.35e+08 2.86e+06
564.3 4.43e+08 2.91e+06
566.5 4.5e+08 2.95e+06
568.7 4.57e+08 3e+06
570.9 4.65e+08 3.05e+06
573.1 4.72e+08 3.1e+06
575.3 4.8e+08 3.15e+06
577.5 4.87e+08 3.2e+06
579.7 4.95e+08 3.25e+06
581.9 5.02e+08 3.3e+06
584.1 5.1e+08 3.35e+06
586.3 5.17e+08 3.4e+06
588.5 5.25e+08 3.45e+06
590.7 5.33e+08 3.5e+06
592.9 5.4e+08 3.55e+06
595.1 5.48e+08 3.6e+06
597.3 5.56e+08 3.65e+06
599.5 5.63e+08 3.7e+06
601.7 5.71e+08 3.75e+06
603.9 5.79e+08 3.8e+06
606.1 5.87e+08 3.85e+06
608.3 5.95e+08 3.9e+06
610.5 6.02e+08 3.95e+06
612.7 6.1e+08 4.01e+06
614.9 6.18e+08 4.06e+06
617.1 6.26e+08 4.11e+06
619.3 6.34e+08 4.16e+06
621.5 6.42e+08 4.21e+06
623.7 6.5e+08 4.27e+06
625.9 6.58e+08 4.32e+06
628.1 6.65e+08 4.37e+06
630.3 6.73e+08 4.42e+06
632.5 6.81e+08 4.47e+06
634.7 6.89e+08 4.53e+06
636.9 6.97e+08 4.58e+06
639.1 7.05e+08 4.63e+06
641.3 7.13e+08 4.68e+06
643.5 7.21e+08 4.73e+06
645.7 7.29e+08 4.79e+06
647.9 7.37e+08 4.84e+06
650.2 7.45e+08 4.89e+06
652.4 7.53e+08 4.94e+06
654.6 7.61e+08 4.99e+06
656.8 7.69e+08 5.05e+06
659.0 7.76e+08 5.1e+06
661.2 7.84e+08 5.15e+06
663.4 7.92e+08 5.2e+06
665.6 8e+08 5.25e+06
667.8 8.08e+08 5.31e+06
670.0 8.16e+08 5.36e+06
672.2 8.24e+08 5.41e+06
674.4 8.32e+08 5.46e+06
676.6 8.39e+08 5.51e+06
678.8 8.47e+08 5.56e+06
681.0 8.55e+08 5.61e+06
683.2 8.63e+08 5.67e+06
685.4 8.71e+08 5.72e+06
687.6 8.78e+08 5.77e+06
689.8 8.86e+08 5.82e+06
692.0 8.94e+08 5.87e+06
694.2 9.02e+08 5.92e+06
696.4 9.09e+08 5.97e+06
698.6 9.17e+08 6.02e+06
700.8 9.25e+08 6.07e+06
703.0 9.32e+08 6.12e+06
705.2 9.4e+08 6.17e+06
707.4 9.48e+08 6.22e+06
709.6 9.55e+08 6.27e+06
711.8 9.63e+08 6.32e+06
714.0 9.7e+08 6.37e+06
716.2 9.78e+08 6.42e+06
718.4 9.85e+08 6.47e+06
720.6 9.93e+08 6.52e+06
722.8 1e+09 6.57e+06
725.0 1.01e+09 6.61e+06
727.2 1.01e+09 6.66e+06
729.4 1.02e+09 6.71e+06
731.6 1.03e+09 6.76e+06
733.8 1.04e+09 6.81e+06
736.0 1.04e+09 6.85e+06
738.2 1.05e+09 6.9e+06
740.4 1.06e+09 6.95e+06
742.6 1.07e+09 7e+06
744.8 1.07e+09 7.04e+06
747.0 1.08e+09 7.09e+06
749.2 1.09e+09 7.14e+06
751.5 1.09e+09 7.18e+06
753.7 1.1e+09 7.23e+06
755.9 1.11e+09 7.27e+06
758.1 1.11e+09 7.32e+06
760.3 1.12e+09 7.36e+06
762.5 1.13e+09 7.41e+06
764.7 1.14e+09 7.45e+06
766.9 1.14e+09 7.5e+06
769.1 1.15e+09 7.54e+06
771.3 1.16e+09 7.59e+06
773.5 1.16e+09 7.63e+06
775.7 1.17e+09 7.68e+06
777.9 1.18e+09 7.72e+06
780.1 1.18e+09 7.76e+06
782.3 1.19e+09 7.8e+06
784.5 1.2e+09 7.85e+06
786.7 1.2e+09 7.89e+06
788.9 1.21e+09 7.93e+06
791.1 1.21e+09 7.97e+06
793.3 1.22e+09 8.02e+06
795.5 1.23e+09 8.06e+06
797.7 1.23e+09 8.1e+06
799.9 1.24e+09 8.14e+06
802.1 1.25e+09 8.18e+06
804.3 1.25e+09 8.22e+06
806.5 1.26e+09 8.26e+06
808.7 1.26e+09 8.3e+06
810.9 1.27e+09 8.34e+06
813.1 1.28e+09 8.38e+06
815.3 1.28e+09 8.42e+06
817.5 1.29e+09 8.46e+06
819.7 1.29e+09 8.5e+06
821.9 1.3e+09 8.53e+06
824.1 1.31e+09 8.57e+06
826.3 1.31e+09 8.61e+06
828.5 1.32e+09 8.65e+06
830.7 1.32e+09 8.68e+06
832.9 1.33e+09 8.72e+06
835.1 1.33e+09 8.76e+06
837.3 1.34e+09 8.79e+06
839.5 1.34e+09 8.83e+06
841.7 1.35e+09 8.87e+06
843.9 1.36e+09 8.9e+06
846.1 1.36e+09 8.94e+06
848.3 1.37e+09 8.97e+06
850.6 1.37e+09 9.01e+06
852.8 1.38e+09 9.04e+06
855.0 1.38e+09 9.07e+06
857.2 1.39e+09 9.11e+06
859.4 1.39e+09 9.14e+06
861.6 1.4e+09 9.17e+06
863.8 1.4e+09 9.21e+06
866.0 1.41e+09 9.24e+06
868.2 1.41e+09 9.27e+06
870.4 1.42e+09 9.3e+06
872.6 1.42e+09 9.34e+06
874.8 1.43e+09 9.37e+06
877.0 1.43e+09 9.4e+06
879.2 1.44e+09 9.43e+06
881.4 1.44e+09 9.46e+06
883.6 1.45e+09 9.49e+06
885.8 1.45e+09 9.52e+06
888.0 1.45e+09 9.55e+06
890.2 1.46e+09 9.58e+06
892.4 1.46e+09 9.61e+06
894.6 1.47e+09 9.64e+06
896.8 1.47e+09 9.67e+06
899.0 1.48e+09 9.7e+06
901.2 1.48e+09 9.73e+06
903.4 1.49e+09 9.75e+06
905.6 1.49e+09 9.78e+06
907.8 1.49e+09 9.81e+06
910.0 1.5e+09 9.84e+06
912.2 1.5e+09 9.86e+06
914.4 1.51e+09 9.89e+06
916.6 1.51e+09 9.91e+06
918.8 1.51e+09 9.94e+06
921.0 1.52e+09 9.97e+06
923.2 1.52e+09 9.99e+06
925.4 1.53e+09 1e+07
927.6 1.53e+09 1e+07
929.8 1.53e+09 1.01e+07
932.0 1.54e+09 1.01e+07
934.2 1.54e+09 1.01e+07
936.4 1.54e+09 1.01e+07
938.6 1.55e+09 1.02e+07
940.8 1.55e+09 1.02e+07
943.0 1.55e+09 1.02e+07
945.2 1.56e+09 1.02e+07
947.4 1.56e+09 1.03e+07
949.6 1.57e+09 1.03e+07
951.9 1.57e+09 1.03e+07
954.1 1.57e+09 1.03e+07
956.3 1.57e+09 1.03e+07
958.5 1.58e+09 1.04e+07
960.7 1.58e+09 1.04e+07
962.9 1.58e+09 1.04e+07
965.1 1.59e+09 1.04e+07
967.3 1.59e+09 1.04e+07
969.5 1.59e+09 1.05e+07
971.7 1.6e+09 1.05e+07
973.9 1.6e+09 1.05e+07
976.1 1.6e+09 1.05e+07
978.3 1.61e+09 1.05e+07
980.5 1.61e+09 1.06e+07
982.7 1.61e+09 1.06e+07
984.9 1.61e+09 1.06e+07
987.1 1.62e+09 1.06e+07
989.3 1.62e+09 1.06e+07
991.5 1.62e+09 1.06e+07
993.7 1.62e+09 1.07e+07
995.9 1.63e+09 1.07e+07
998.1 1.63e+09 1.07e+07
1000.3 1.63e+09 1.07e+07
1002.5 1.63e+09 1.07e+07
1004.7 1.64e+09 1.07e+07
1006.9 1.64e+09 1.08e+07
1009.1 1.64e+09 1.08e+07
1011.3 1.64e+09 1.08e+07
1013.5 1.65e+09 1.08e+07
1015.7 1.65e+09 1.08e+07
1017.9 1.65e+09 1.08e+07
1020.1 1.65e+09 1.08e+07
1022.3 1.65e+09 1.09e+07
1024.5 1.66e+09 1.09e+07
1026.7 1.66e+09 1.09e+07
1028.9 1.66e+09 1.09e+07
1031.1 1.66e+09 1.09e+07
1033.3 1.66e+09 1.09e+07
1035.5 1.67e+09 1.09e+07
1037.7 1.67e+09 1.1e+07
1039.9 1.67e+09 1.1e+07
1042.1 1.67e+09 1.1e+07
1044.3 1.67e+09 1.1e+07
1046.5 1.68e+09 1.1e+07
1048.7 1.68e+09 1.1e+07
1051.0 1.68e+09 1.1e+07
1053.2 1.68e+09 1.1e+07
1055.4 1.68e+09 1.1e+07
1057.6 1.68e+09 1.11e+07
1059.8 1.69e+09 1.11e+07
1062.0 1.69e+09 1.11e+07
1064.2 1.69e+09 1.11e+07
1066.4 1.69e+09 1.11e+07
1068.6 1.69e+09 1.11e+07
1070.8 1.69e+09 1.11e+07
1073.0 1.69e+09 1.11e+07
1075.2 1.7e+09 1.11e+07
1077.4 1.7e+09 1.11e+07
1079.6 1.7e+09 1.11e+07
1081.8 1.7e+09 1.12e+07
1084.0 1.7e+09 1.12e+07
1086.2 1.7e+09 1.12e+07
1088.4 1.7e+09 1.12e+07
1090.6 1.7e+09 1.12e+07
1092.8 1.7e+09 1.12e+07
1095.0 1.71e+09 1.12e+07
1097.2 1.71e+09 1.12e+07
1099.4 1.71e+09 1.12e+07
1101.6 1.71e+09 1.12e+07
1103.8 1.71e+09 1.12e+07
1106.0 1.71e+09 1.12e+07
1108.2 1.71e+09 1.12e+07
1110.4 1.71e+09 1.12e+07
1112.6 1.71e+09 1.12e+07
1114.8 1.71e+09 1.13e+07
1117.0 1.71e+09 1.13e+07
1119.2 1.72e+09 1.13e+07
1121.4 1.72e+09 1.13e+07
1123.6 1.72e+09 1.13e+07
1125.8 1.72e+09 1.13e+07
1128.0 1.72e+09 1.13e+07
1130.2 1.72e+09 1.13e+07
1132.4 1.72e+09 1.13e+07
1134.6 1.72e+09 1.13e+07
1136.8 1.72e+09 1.13e+07
1139.0 1.72e+09 1.13e+07
1141.2 1.72e+09 1.13e+07
1143.4 1.72e+09 1.13e+07
1145.6 1.72e+09 1.13e+07
1147.8 1.72e+09 1.13e+07
1150.1 1.72e+09 1.13e+07
1152.3 1.72e+09 1.13e+07
1154.5 1.72e+09 1.13e+07
1156.7 1.72e+09 1.13e+07
1158.9 1.72e+09 1.13e+07
1161.1 1.72e+09 1.13e+07
1163.3 1.72e+09 1.13e+07
1165.5 1.72e+09 1.13e+07
1167.7 1.72e+09 1.13e+07
1169.9 1.72e+09 1.13e+07
1172.1 1.73e+09 1.13e+07
1174.3 1.73e+09 1.13e+07
1176.5 1.73e+09 1.13e+07
1178.7 1.73e+09 1.13e+07
1180.9 1.73e+09 1.13e+07
1183.1 1.73e+09 1.13e+07
1185.3 1.73e+09 1.13e+07
1187.5 1.73e+09 1.13e+07
1189.7 1.73e+09 1.13e+07
1191.9 1.73e+09 1.13e+07
1194.1 1.73e+09 1.13e+07
1196.3 1.73e+09 1.13e+07
1198.5 1.72e+09 1.13e+07
1200.7 1.72e+09 1.13e+07
1202.9 1.72e+09 1.13e+07
1205.1 1.72e+09 1.13e+07
1207.3 1.72e+09 1.13e+07
1209.5 1.72e+09 1.13e+07
1211.7 1.72e+09 1.13e+07
1213.9 1.72e+09 1.13e+07
1216.1 1.72e+09 1.13e+07
1218.3 1.72e+09 1.13e+07
1220.5 1.72e+09 1.13e+07
1222.7 1.72e+09 1.13e+07
1224.9 1.72e+09 1.13e+07
1227.1 1.72e+09 1.13e+07
1229.3 1.72e+09 1.13e+07
1231.5 1.72e+09 1.13e+07
1233.7 1.72e+09 1.13e+07
1235.9 1.72e+09 1.13e+07
1238.1 1.72e+09 1.13e+07
1240.3 1.72e+09 1.13e+07
1242.5 1.72e+09 1.13e+07
1244.7 1.72e+09 1.13e+07
1246.9 1.72e+09 1.13e+07
1249.1 1.72e+09 1.13e+07
1251.4 1.72e+09 1.13e+07
1253.6 1.72e+09 1.13e+07
1255.8 1.71e+09 1.13e+07
1258.0 1.71e+09 1.13e+07
1260.2 1.71e+09 1.12e+07
1262.4 1.71e+09 1.12e+07
1264.6 1.71e+09 1.12e+07
1266.8 1.71e+09 1.12e+07
1269.0 1.71e+09 1.12e+07
1271.2 1.71e+09 1.12e+07
1273.4 1.71e+09 1.12e+07
1275.6 1.71e+09 1.12e+07
1277.8 1.71e+09 1.12e+07
1280.0 1.71e+09 1.12e+07
1282.2 1.71e+09 1.12e+07
1284.4 1.71e+09 1.12e+07
1286.6 1.7e+09 1.12e+07
1288.8 1.7e+09 1.12e+07
1291.0 1.7e+09 1.12e+07
1293.2 1.7e+09 1.12e+07
1295.4 1.7e+09 1.12e+07
1297.6 1.7e+09 1.12e+07
1299.8 1.7e+09 1.12e+07
1302.0 1.7e+09 1.11e+07
1304.2 1.7e+09 1.11e+07
1306.4 1.7e+09 1.11e+07
1308.6 1.69e+09 1.11e+07
1310.8 1.69e+09 1.11e+07
1313.0 1.69e+09 1.11e+07
1315.2 1.69e+09 1.11e+07
1317.4 1.69e+09 1.11e+07
1319.6 1.69e+09 1.11e+07
1321.8 1.69e+09 1.11e+07
1324.0 1.69e+09 1.11e+07
1326.2 1.69e+09 1.11e+07
1328.4 1.69e+09 1.11e+07
1330.6 1.68e+09 1.11e+07
1332.8 1.68e+09 1.11e+07
1335.0 1.68e+09 1.1e+07
1337.2 1.68e+09 1.1e+07
1339.4 1.68e+09 1.1e+07
1341.6 1.68e+09 1.1e+07
1343.8 1.68e+09 1.1e+07
1346.0 1.68e+09 1.1e+07
1348.2 1.68e+09 1.1e+07
1350.5 1.67e+09 1.1e+07
1352.7 1.67e+09 1.1e+07
1354.9 1.67e+09 1.1e+07
1357.1 1.67e+09 1.1e+07
1359.3 1.67e+09 1.1e+07
1361.5 1.67e+09 1.09e+07
1363.7 1.67e+09 1.09e+07
1365.9 1.66e+09 1.09e+07
1368.1 1.66e+09 1.09e+07
1370.3 1.66e+09 1.09e+07
1372.5 1.66e+09 1.09e+07
1374.7 1.66e+09 1.09e+07
1376.9 1.66e+09 1.09e+07
1379.1 1.66e+09 1.09e+07
1381.3 1.66e+09 1.09e+07
1383.5 1.65e+09 1.09e+07
1385.7 1.65e+09 1.09e+07
1387.9 1.65e+09 1.08e+07
1390.1 1.65e+09 1.08e+07
1392.3 1.65e+09 1.08e+07
1394.5 1.65e+09 1.08e+07
1396.7 1.65e+09 1.08e+07
1398.9 1.64e+09 1.08e+07
1401.1 1.64e+09 1.08e+07
1403.3 1.64e+09 1.08e+07
1405.5 1.64e+09 1.08e+07
1407.7 1.64e+09 1.08e+07
1409.9 1.64e+09 1.07e+07
1412.1 1.64e+09 1.07e+07
1414.3 1.63e+09 1.07e+07
1416.5 1.63e+09 1.07e+07
1418.7 1.63e+09 1.07e+07
1420.9 1.63e+09 1.07e+07
1423.1 1.63e+09 1.07e+07
1425.3 1.63e+09 1.07e+07
1427.5 1.62e+09 1.07e+07
1429.7 1.62e+09 1.07e+07
1431.9 1.62e+09 1.06e+07
1434.1 1.62e+09 1.06e+07
1436.3 1.62e+09 1.06e+07
1438.5 1.62e+09 1.06e+07
1440.7 1.62e+09 1.06e+07
1442.9 1.61e+09 1.06e+07
1445.1 1.61e+09 1.06e+07
1447.3 1.61e+09 1.06e+07
1449.5 1.61e+09 1.06e+07
1451.8 1.61e+09 1.06e+07
1454.0 1.61e+09 1.05e+07
1456.2 1.6e+09 1.05e+07
1458.4 1.6e+09 1.05e+07
1460.6 1.6e+09 1.05e+07
1462.8 1.6e+09 1.05e+07
1465.0 1.6e+09 1.05e+07
1467.2 1.6e+09 1.05e+07
1469.4 1.59e+09 1.05e+07
1471.6 1.59e+09 1.05e+07
1473.8 1.59e+09 1.04e+07
1476.0 1.59e+09 1.04e+07
1478.2 1.59e+09 1.04e+07
1480.4 1.59e+09 1.04e+07
1482.6 1.58e+09 1.04e+07
1484.8 1.58e+09 1.04e+07
1487.0 1.58e+09 1.04e+07
1489.2 1.58e+09 1.04e+07
1491.4 1.58e+09 1.04e+07
1493.6 1.58e+09 1.03e+07
1495.8 1.57e+09 1.03e+07
1498.0 1.57e+09 1.03e+07
1500.2 1.57e+09 1.03e+07
1502.4 1.57e+09 1.03e+07
1504.6 1.57e+09 1.03e+07
1506.8 1.56e+09 1.03e+07
1509.0 1.56e+09 1.03e+07
1511.2 1.56e+09 1.03e+07
1513.4 1.56e+09 1.02e+07
1515.6 1.56e+09 1.02e+07
1517.8 1.56e+09 1.02e+07
1520.0 1.55e+09 1.02e+07
1522.2 1.55e+09 1.02e+07
1524.4 1.55e+09 1.02e+07
1526.6 1.55e+09 1.02e+07
1528.8 1.55e+09 1.02e+07
1531.0 1.55e+09 1.01e+07
1533.2 1.54e+09 1.01e+07
1535.4 1.54e+09 1.01e+07
1537.6 1.54e+09 1.01e+07
1539.8 1.54e+09 1.01e+07
1542.0 1.54e+09 1.01e+07
1544.2 1.53e+09 1.01e+07
1546.4 1.53e+09 1.01e+07
1548.6 1.53e+09 1e+07
1550.9 1.53e+09 1e+07
1553.1 1.53e+09 1e+07
1555.3 1.53e+09 1e+07
1557.5 1.52e+09 1e+07
1559.7 1.52e+09 9.99e+06
1561.9 1.52e+09 9.98e+06
1564.1 1.52e+09 9.96e+06
1566.3 1.52e+09 9.95e+06
1568.5 1.51e+09 9.94e+06
1570.7 1.51e+09 9.93e+06
1572.9 1.51e+09 9.92e+06
1575.1 1.51e+09 9.9e+06
1577.3 1.51e+09 9.89e+06
1579.5 1.5e+09 9.88e+06
1581.7 1.5e+09 9.87e+06
1583.9 1.5e+09 9.85e+06
1586.1 1.5e+09 9.84e+06
1588.3 1.5e+09 9.83e+06
1590.5 1.5e+09 9.82e+06
1592.7 1.49e+09 9.8e+06
1594.9 1.49e+09 9.79e+06
1597.1 1.49e+09 9.78e+06
1599.3 1.49e+09 9.77e+06
1601.5 1.49e+09 9.75e+06
1603.7 1.48e+09 9.74e+06
1605.9 1.48e+09 9.73e+06
1608.1 1.48e+09 9.72e+06
1610.3 1.48e+09 9.7e+06
1612.5 1.48e+09 9.69e+06
1614.7 1.47e+09 9.68e+06
1616.9 1.47e+09 9.67e+06
1619.1 1.47e+09 9.65e+06
1621.3 1.47e+09 9.64e+06
1623.5 1.47e+09 9.63e+06
1625.7 1.46e+09 9.62e+06
1627.9 1.46e+09 9.6e+06
1630.1 1.46e+09 9.59e+06
1632.3 1.46e+09 9.58e+06
1634.5 1.46e+09 9.57e+06
1636.7 1.45e+09 9.55e+06
1638.9 1.45e+09 9.54e+06
1641.1 1.45e+09 9.53e+06
1643.3 1.45e+09 9.51e+06
1645.5 1.45e+09 9.5e+06
1647.7 1.45e+09 9.49e+06
1649.9 1.44e+09 9.48e+06
1652.2 1.44e+09 9.46e+06
1654.4 1.44e+09 9.45e+06
1656.6 1.44e+09 9.44e+06
1658.8 1.44e+09 9.43e+06
1661.0 1.43e+09 9.41e+06
1663.2 1.43e+09 9.4e+06
1665.4 1.43e+09 9.39e+06
1667.6 1.43e+09 9.37e+06
1669.8 1.43e+09 9.36e+06
1672.0 1.42e+09 9.35e+06
1674.2 1.42e+09 9.34e+06
1676.4 1.42e+09 9.32e+06
1678.6 1.42e+09 9.31e+06
1680.8 1.42e+09 9.3e+06
1683.0 1.41e+09 9.28e+06
1685.2 1.41e+09 9.27e+06
1687.4 1.41e+09 9.26e+06
1689.6 1.41e+09 9.25e+06
1691.8 1.41e+09 9.23e+06
1694.0 1.4e+09 9.22e+06
1696.2 1.4e+09 9.21e+06
1698.4 1.4e+09 9.19e+06
1700.6 1.4e+09 9.18e+06
1702.8 1.4e+09 9.17e+06
1705.0 1.39e+09 9.16e+06
1707.2 1.39e+09 9.14e+06
1709.4 1.39e+09 9.13e+06
1711.6 1.39e+09 9.12e+06
1713.8 1.39e+09 9.1e+06
1716.0 1.38e+09 9.09e+06
1718.2 1.38e+09 9.08e+06
1720.4 1.38e+09 9.07e+06
1722.6 1.38e+09 9.05e+06
1724.8 1.38e+09 9.04e+06
1727.0 1.37e+09 9.03e+06
1729.2 1.37e+09 9.01e+06
1731.4 1.37e+09 9e+06
1733.6 1.37e+09 8.99e+06
1735.8 1.37e+09 8.98e+06
1738.0 1.37e+09 8.96e+06
1740.2 1.36e+09 8.95e+06
1742.4 1.36e+09 8.94e+06
1744.6 1.36e+09 8.92e+06
1746.8 1.36e+09 8.91e+06
1749.0 1.36e+09 8.9e+06
1751.3 1.35e+09 8.89e+06
1753.5 1.35e+09 8.87e+06
1755.7 1.35e+09 8.86e+06
1757.9 1.35e+09 8.85e+06
1760.1 1.35e+09 8.84e+06
1762.3 1.34e+09 8.82e+06
1764.5 1.34e+09 8.81e+06
1766.7 1.34e+09 8.8e+06
1768.9 1.34e+09 8.78e+06
1771.1 1.34e+09 8.77e+06
1773.3 1.33e+09 8.76e+06
1775.5 1.33e+09 8.75e+06
1777.7 1.33e+09 8.73e+06
1779.9 1.33e+09 8.72e+06
1782.1 1.33e+09 8.71e+06
1784.3 1.32e+09 8.69e+06
1786.5 1.32e+09 8.68e+06
1788.7 1.32e+09 8.67e+06
1790.9 1.32e+09 8.66e+06
1793.1 1.32e+09 8.64e+06
1795.3 1.31e+09 8.63e+06
1797.5 1.31e+09 8.62e+06
1799.7 1.31e+09 8.61e+06
1801.9 1.31e+09 8.59e+06
1804.1 1.31e+09 8.58e+06
1806.3 1.3e+09 8.57e+06
1808.5 1.3e+09 8.55e+06
1810.7 1.3e+09 8.54e+06
1812.9 1.3e+09 8.53e+06
1815.1 1.3e+09 8.52e+06
1817.3 1.3e+09 8.5e+06
1819.5 1.29e+09 8.49e+06
1821.7 1.29e+09 8.48e+06
1823.9 1.29e+09 8.47e+06
1826.1 1.29e+09 8.45e+06
1828.3 1.29e+09 8.44e+06
1830.5 1.28e+09 8.43e+06
1832.7 1.28e+09 8.41e+06
1834.9 1.28e+09 8.4e+06
1837.1 1.28e+09 8.39e+06
1839.3 1.28e+09 8.38e+06
1841.5 1.27e+09 8.36e+06
1843.7 1.27e+09 8.35e+06
1845.9 1.27e+09 8.34e+06
1848.1 1.27e+09 8.33e+06
1850.4 1.27e+09 8.31e+06
1852.6 1.26e+09 8.3e+06
1854.8 1.26e+09 8.29e+06
1857.0 1.26e+09 8.28e+06
1859.2 1.26e+09 8.26e+06
1861.4 1.26e+09 8.25e+06
1863.6 1.25e+09 8.24e+06
1865.8 1.25e+09 8.23e+06
1868.0 1.25e+09 8.21e+06
1870.2 1.25e+09 8.2e+06
1872.4 1.25e+09 8.19e+06
1874.6 1.25e+09 8.18e+06
1876.8 1.24e+09 8.16e+06
1879.0 1.24e+09 8.15e+06
1881.2 1.24e+09 8.14e+06
1883.4 1.24e+09 8.13e+06
1885.6 1.24e+09 8.11e+06
1887.8 1.23e+09 8.1e+06
1890.0 1.23e+09 8.09e+06
1892.2 1.23e+09 8.08e+06
1894.4 1.23e+09 8.06e+06
1896.6 1.23e+09 8.05e+06
1898.8 1.22e+09 8.04e+06
1901.0 1.22e+09 8.03e+06
1903.2 1.22e+09 8.02e+06
1905.4 1.22e+09 8e+06
1907.6 1.22e+09 7.99e+06
1909.8 1.22e+09 7.98e+06
1912.0 1.21e+09 7.97e+06
1914.2 1.21e+09 7.95e+06
1916.4 1.21e+09 7.94e+06
1918.6 1.21e+09 7.93e+06
1920.8 1.21e+09 7.92e+06
1923.0 1.2e+09 7.9e+06
1925.2 1.2e+09 7.89e+06
1927.4 1.2e+09 7.88e+06
1929.6 1.2e+09 7.87e+06
1931.8 1.2e+09 7.86e+06
1934.0 1.19e+09 7.84e+06
1936.2 1.19e+09 7.83e+06
1938.4 1.19e+09 7.82e+06
1940.6 1.19e+09 7.81e+06
1942.8 1.19e+09 7.8e+06
1945.0 1.19e+09 7.78e+06
1947.2 1.18e+09 7.77e+06
1949.4 1.18e+09 7.76e+06
1951.7 1.18e+09 7.75e+06
1953.9 1.18e+09 7.74e+06
1956.1 1.18e+09 7.72e+06
1958.3 1.17e+09 7.71e+06
1960.5 1.17e+09 7.7e+06
1962.7 1.17e+09 7.69e+06
1964.9 1.17e+09 7.68e+06
1967.1 1.17e+09 7.66e+06
1969.3 1.17e+09 7.65e+06
1971.5 1.16e+09 7.64e+06
1973.7 1.16e+09 7.63e+06
1975.9 1.16e+09 7.62e+06
1978.1 1.16e+09 7.6e+06
1980.3 1.16e+09 7.59e+06
1982.5 1.15e+09 7.58e+06
1984.7 1.15e+09 7.57e+06
1986.9 1.15e+09 7.56e+06
1989.1 1.15e+09 7.54e+06
1991.3 1.15e+09 7.53e+06
1993.5 1.15e+09 7.52e+06
1995.7 1.14e+09 7.51e+06
1997.9 1.14e+09 7.5e+06
2000.1 1.14e+09 7.49e+06
2002.3 1.14e+09 7.47e+06
2004.5 1.14e+09 7.46e+06
2006.7 1.13e+09 7.45e+06
2008.9 1.13e+09 7.44e+06
2011.1 1.13e+09 7.43e+06
2013.3 1.13e+09 7.41e+06
2015.5 1.13e+09 7.4e+06
2017.7 1.13e+09 7.39e+06
2019.9 1.12e+09 7.38e+06
2022.1 1.12e+09 7.37e+06
2024.3 1.12e+09 7.36e+06
2026.5 1.12e+09 7.35e+06
2028.7 1.12e+09 7.33e+06
2030.9 1.12e+09 7.32e+06
2033.1 1.11e+09 7.31e+06
2035.3 1.11e+09 7.3e+06
2037.5 1.11e+09 7.29e+06
2039.7 1.11e+09 7.28e+06
2041.9 1.11e+09 7.26e+06
2044.1 1.1e+09 7.25e+06
2046.3 1.1e+09 7.24e+06
2048.5 1.1e+09 7.23e+06
2050.8 1.1e+09 7.22e+06
2053.0 1.1e+09 7.21e+06
2055.2 1.1e+09 7.2e+06
2057.4 1.09e+09 7.18e+06
2059.6 1.09e+09 7.17e+06
2061.8 1.09e+09 7.16e+06
2064.0 1.09e+09 7.15e+06
2066.2 1.09e+09 7.14e+06
2068.4 1.09e+09 7.13e+06
2070.6 1.08e+09 7.12e+06
2072.8 1.08e+09 7.11e+06
2075.0 1.08e+09 7.09e+06
2077.2 1.08e+09 7.08e+06
2079.4 1.08e+09 7.07e+06
2081.6 1.08e+09 7.06e+06
2083.8 1.07e+09 7.05e+06
2086.0 1.07e+09 7.04e+06
2088.2 1.07e+09 7.03e+06
2090.4 1.07e+09 7.02e+06
2092.6 1.07e+09 7e+06
2094.8 1.07e+09 6.99e+06
2097.0 1.06e+09 6.98e+06
2099.2 1.06e+09 6.97e+06
2101.4 1.06e+09 6.96e+06
2103.6 1.06e+09 6.95e+06
2105.8 1.06e+09 6.94e+06
2108.0 1.05e+09 6.93e+06
2110.2 1.05e+09 6.92e+06
2112.4 1.05e+09 6.9e+06
2114.6 1.05e+09 6.89e+06
2116.8 1.05e+09 6.88e+06
2119.0 1.05e+09 6.87e+06
2121.2 1.04e+09 6.86e+06
2123.4 1.04e+09 6.85e+06
2125.6 1.04e+09 6.84e+06
2127.8 1.04e+09 6.83e+06
2130.0 1.04e+09 6.82e+06
2132.2 1.04e+09 6.81e+06
2134.4 1.03e+09 6.8e+06
2136.6 1.03e+09 6.78e+06
2138.8 1.03e+09 6.77e+06
2141.0 1.03e+09 6.76e+06
2143.2 1.03e+09 6.75e+06
2145.4 1.03e+09 6.74e+06
2147.6 1.03e+09 6.73e+06
2149.8 1.02e+09 6.72e+06
2152.1 1.02e+09 6.71e+06
2154.3 1.02e+09 6.7e+06
2156.5 1.02e+09 6.69e+06
2158.7 1.02e+09 6.68e+06
2160.9 1.02e+09 6.67e+06
2163.1 1.01e+09 6.66e+06
2165.3 1.01e+09 6.65e+06
2167.5 1.01e+09 6.63e+06
2169.7 1.01e+09 6.62e+06
2171.9 1.01e+09 6.61e+06
2174.1 1.01e+09 6.6e+06
2176.3 1e+09 6.59e+06
2178.5 1e+09 6.58e+06
2180.7 1e+09 6.57e+06
2182.9 9.99e+08 6.56e+06
2185.1 9.98e+08 6.55e+06
2187.3 9.96e+08 6.54e+06
2189.5 9.94e+08 6.53e+06
2191.7 9.93e+08 6.52e+06
2193.9 9.91e+08 6.51e+06
2196.1 9.9e+08 6.5e+06
2198.3 9.88e+08 6.49e+06
2200.5 9.87e+08 6.48e+06
2202.7 9.85e+08 6.47e+06
2204.9 9.83e+08 6.46e+06
2207.1 9.82e+08 6.45e+06
2209.3 9.8e+08 6.44e+06
2211.5 9.79e+08 6.43e+06
2213.7 9.77e+08 6.42e+06
2215.9 9.76e+08 6.4e+06
2218.1 9.74e+08 6.39e+06
2220.3 9.72e+08 6.38e+06
2222.5 9.71e+08 6.37e+06
2224.7 9.69e+08 6.36e+06
2226.9 9.68e+08 6.35e+06
2229.1 9.66e+08 6.34e+06
2231.3 9.65e+08 6.33e+06
2233.5 9.63e+08 6.32e+06
2235.7 9.62e+08 6.31e+06
2237.9 9.6e+08 6.3e+06
2240.1 9.58e+08 6.29e+06
2242.3 9.57e+08 6.28e+06
2244.5 9.55e+08 6.27e+06
2246.7 9.54e+08 6.26e+06
2248.9 9.52e+08 6.25e+06
2251.2 9.51e+08 6.24e+06
2253.4 9.49e+08 6.23e+06
2255.6 9.48e+08 6.22e+06
2257.8 9.46e+08 6.21e+06
2260.0 9.45e+08 6.2e+06
2262.2 9.43e+08 6.19e+06
2264.4 9.42e+08 6.18e+06
2266.6 9.4e+08 6.17e+06
2268.8 9.39e+08 6.16e+06
2271.0 9.37e+08 6.15e+06
2273.2 9.36e+08 6.14e+06
2275.4 9.34e+08 6.13e+06
2277.6 9.33e+08 6.12e+06
2279.8 9.31e+08 6.11e+06
2282.0 9.3e+08 6.1e+06
2284.2 9.28e+08 6.09e+06
2286.4 9.27e+08 6.08e+06
2288.6 9.25e+08 6.08e+06
2290.8 9.24e+08 6.07e+06
2293.0 9.22e+08 6.06e+06
2295.2 9.21e+08 6.05e+06
2297.4 9.19e+08 6.04e+06
2299.6 9.18e+08 6.03e+06
2301.8 9.16e+08 6.02e+06
2304.0 9.15e+08 6.01e+06
2306.2 9.14e+08 6e+06
2308.4 9.12e+08 5.99e+06
2310.6 9.11e+08 5.98e+06
2312.8 9.09e+08 5.97e+06
2315.0 9.08e+08 5.96e+06
2317.2 9.06e+08 5.95e+06
2319.4 9.05e+08 5.94e+06
2321.6 9.03e+08 5.93e+06
2323.8 9.02e+08 5.92e+06
2326.0 9e+08 5.91e+06
2328.2 8.99e+08 5.9e+06
2330.4 8.98e+08 5.89e+06
2332.6 8.96e+08 5.88e+06
2334.8 8.95e+08 5.87e+06
2337.0 8.93e+08 5.86e+06
2339.2 8.92e+08 5.86e+06
2341.4 8.9e+08 5.85e+06
2343.6 8.89e+08 5.84e+06
2345.8 8.88e+08 5.83e+06
2348.0 8.86e+08 5.82e+06
2350.3 8.85e+08 5.81e+06
2352.5 8.83e+08 5.8e+06
2354.7 8.82e+08 5.79e+06
2356.9 8.8e+08 5.78e+06
2359.1 8.79e+08 5.77e+06
2361.3 8.78e+08 5.76e+06
2363.5 8.76e+08 5.75e+06
2365.7 8.75e+08 5.74e+06
2367.9 8.73e+08 5.73e+06
2370.1 8.72e+08 5.73e+06
2372.3 8.71e+08 5.72e+06
2374.5 8.69e+08 5.71e+06
2376.7 8.68e+08 5.7e+06
2378.9 8.67e+08 5.69e+06
2381.1 8.65e+08 5.68e+06
2383.3 8.64e+08 5.67e+06
2385.5 8.62e+08 5.66e+06
2387.7 8.61e+08 5.65e+06
2389.9 8.6e+08 5.64e+06
2392.1 8.58e+08 5.64e+06
2394.3 8.57e+08 5.63e+06
2396.5 8.56e+08 5.62e+06
2398.7 8.54e+08 5.61e+06
2400.9 8.53e+08 5.6e+06
2403.1 8.51e+08 5.59e+06
2405.3 8.5e+08 5.58e+06
2407.5 8.49e+08 5.57e+06
2409.7 8.47e+08 5.56e+06
2411.9 8.46e+08 5.55e+06
2414.1 8.45e+08 5.55e+06
2416.3 8.43e+08 5.54e+06
2418.5 8.42e+08 5.53e+06
2420.7 8.41e+08 5.52e+06
2422.9 8.39e+08 5.51e+06
2425.1 8.38e+08 5.5e+06
2427.3 8.37e+08 5.49e+06
2429.5 8.35e+08 5.48e+06
2431.7 8.34e+08 5.48e+06
2433.9 8.33e+08 5.47e+06
2436.1 8.31e+08 5.46e+06
2438.3 8.3e+08 5.45e+06
2440.5 8.29e+08 5.44e+06
2442.7 8.27e+08 5.43e+06
2444.9 8.26e+08 5.42e+06
2447.1 8.25e+08 5.41e+06
2449.3 8.23e+08 5.41e+06
2451.6 8.22e+08 5.4e+06
2453.8 8.21e+08 5.39e+06
2456.0 8.2e+08 5.38e+06
2458.2 8.18e+08 5.37e+06
2460.4 8.17e+08 5.36e+06
2462.6 8.16e+08 5.35e+06
2464.8 8.14e+08 5.35e+06
2467.0 8.13e+08 5.34e+06
2469.2 8.12e+08 5.33e+06
2471.4 8.1e+08 5.32e+06
2473.6 8.09e+08 5.31e+06
2475.8 8.08e+08 5.3e+06
2478.0 8.07e+08 5.3e+06
2480.2 8.05e+08 5.29e+06
2482.4 8.04e+08 5.28e+06
2484.6 8.03e+08 5.27e+06
2486.8 8.01e+08 5.26e+06
2489.0 8e+08 5.25e+06
2491.2 7.99e+08 5.25e+06
2493.4 7.98e+08 5.24e+06
2495.6 7.96e+08 5.23e+06
2497.8 7.95e+08 5.22e+06
2500.0 7.94e+08 5.21e+06
